0.989361 0.000000 0.145482
0.989361 0.000000 0.145482
0.989361 0.000000 0.145482
0.989361 0.000000 0.145482
0.989361 0.000000 0.145482
0.989361 0.000000 0.145482
0.989361 0.000000 0.145482
0.989361 0.000000 0.145482
0.989361 0.000000 0.145482
0.989361 0.000000 0.145482
0.989361 0.000000 0.145482
0.989361 0.000000 0.145482
0.989361 0.000000 0.145482
0.989361 0.000000 0.145482
0.989361 0.000000 0.145482
0.989361 0.000000 0.145482
0.989361 0.000000 0.145482
0.989361 0.000000 0.145482
0.989361 0.000000 0.145482
0.989361 0.000000 0.145482
0.989361 0.000000 0.145482
0.989361 0.000000 0.145482
0.989361 0.000000 0.145482
0.989361 0.000000 0.145482
0.989361 0.000000 0.145482
0.989361 0.000000 0.145482
0.989361 0.000000 0.145482
0.989361 0.000000 0.145482
0.989361 0.000000 0.145482
0.989361 0.000000 0.145482
0.989361 0.000000 0.145482
0.989361 0.000000 0.145482
0.989361 0.000000 0.145482
0.989361 0.000000 0.145482
0.989361 0.000000 0.145482
0.989361 0.000000 0.145482
